%%
%车辆相关参数初始化；
%车辆型号：金杯、全顺、4.2、5.2、6.8、7.7、9.6，按序编号；
C1 = [0.5,0.8,1,1.5,1.5,2,2.5];   %耗电、燃油费用（单位：元/公里）；
C2 = [0.1,0.2,0.3,0.4,0.4,0.5,0.6];   %维护费用（单位：元/公里）；
C3 = [1,1,2,2.5,2.5,2.5,3];    %保险费用（单位：元/配送次数）;
C4 = [10,10,15,20,20,20,30];    %司机费用（单位：元/配送次数）;
C5 = [10,10,15,20,20,25,35];    %卸货费用（单位：元/配送次数）;
%（单位：元/第一个送货点、其他送货点）
C6 = [350,350,450,550,650,650,850;50,50,100,110,140,140,180];
C7 = 90;   %以吨位计价的机会成本
C8 = 30;    %以体积计价的机会成本

%设定运送中心可以所有车型各有一辆车
M1 = [2,3,6,10,13,15,25];  %车辆额定重量（吨）
V1 = [4,6,15,17,30,40,50];  %车辆额定容积（立方）

speed = 35; %平均车速（单位：公里/小时）
